5.50947809	-8.49947166	-10.9031048	114.7	0
-16.7685299	0.0715679973	-10.9595232	256.3	0
0.604202569	-5.40633917	-10.8101559	189.7	0
-9.19461727	-15.39118	-10.5241776	356.3	0
-4.80624342	-15.3189182	-10.5864859	166.1	0
-14.8587666	-14.6586514	-10.6360025	289.9	0
-16.991003	-8.75459766	-10.623724	190.9	0
-12.3270941	1.19626033	-10.5101633	336.3	0
11.7094517	1.28671896	-10.6016121	121.8	0
-5.15136671	2.09616637	-10.6286659	288.2	0
-19.3167648	4.70792627	-10.6847677	183.2	0
-1.92099142	10.3798914	-10.6842957	162.6	0
-2.4093945	-7.75267839	-10.4064045	364.3	0
-11.3270636	0.88836664	-10.3926525	297.4	0
2.80422592	6.48346806	-10.3887243	364.7	0
-7.67482233	13.9758844	-10.4276028	271.8	0
-8.77784729	14.1691065	-10.400609	253.6	0
18.4214592	15.8616619	-10.3356485	237.7	0
-8.63357925	-18.3289261	-10.2061043	328.2	0
0.611468792	-12.1552114	-10.2795506	310.4	0
-7.9562397	-3.04106617	-10.1673126	221.7	0
17.9005814	2.24374533	-10.1184063	279.2	0
-2.2407403	2.5122478	-10.1822205	407.4	0
-9.35525799	11.2314653	-10.2923641	155.6	0
-11.4861908	11.2938614	-10.2016239	228.3	0
-7.79648972	16.2770576	-10.2232161	346.5	0
-16.6481457	16.4484673	-10.094161	416.3	0
-5.11050272	-17.6576061	-10.0511541	262.0	0
-12.5596952	-12.9004002	-9.9530983	186.0	0
17.0427532	-12.6002779	-10.0296564	222.2	0
1.22253799	-7.9975276	-10.0014782	126.6	0
-10.5668621	4.76577425	-10.0534153	232.0	0
4.31983566	4.82660532	-9.94605637	331.7	0
7.57340479	6.35119915	-10.0523691	260.6	0
11.8198004	13.7183733	-10.0344286	138.6	0
-9.0733757	-19.2883797	-9.71909332	218.0	0
-14.9892435	-16.4382877	-9.80304909	358.0	0
-6.46866894	-14.5941381	-9.84518623	276.3	0
4.59643459	-12.6604204	-9.76652527	163.5	0
-13.2381706	-5.16642809	-9.81600571	392.1	0
-3.0616436	-2.82828212	-9.74023914	222.9	0
-1.54128444	2.59743071	-9.81994629	379.1	0
-6.7843051	4.43182755	-9.74762535	173.4	0
-16.2170963	6.84391737	-9.74524593	272.8	0
14.0300903	9.27381992	-9.72108269	348.1	0
-5.3730855	12.2409372	-9.87195587	326.2	0
-0.0890481696	15.2033529	-9.87769985	314.9	0
4.4438982	16.6898384	-9.70804405	254.4	0
12.69907	17.8012447	-9.84254646	311.4	0
-3.35700011	-13.6601353	-9.5468626	202.2	0
3.56314468	-9.38470459	-9.60824013	343.5	0
7.84857988	-3.9139266	-9.46731567	220.6	0
-15.7220058	-0.876087964	-9.48692799	273.6	0
-13.4741344	4.48885202	-9.62711716	269.3	0
-15.2890987	9.19349575	-9.61489773	198.4	0
5.47582436	18.1682987	-9.50093746	178.5	0
-11.7993202	-9.45953941	-9.41112232	258.8	0
-13.4067755	-2.57483768	-9.46024895	295.1	0
-13.4735193	15.1793337	-9.38262939	267.9	0
4.45381784	-16.5708313	-9.09749222	285.1	0
12.2700644	-14.7203217	-9.20303631	210.0	0
-16.197464	-13.3375206	-9.17089844	132.4	0
9.33491898	-9.59919739	-9.03862762	276.1	0
8.46737671	-9.11746025	-9.04499245	195.1	0
18.5655708	-8.2578516	-9.03957176	307.1	0
5.8363452	-4.47338533	-9.3255806	273.8	0
-14.2815504	0.0792457759	-9.06065655	237.9	0
9.57603836	0.225015998	-9.27745056	319.0	0
-2.09462452	0.91434288	-9.1412077	214.7	0
8.2175827	0.986675322	-9.32698059	362.8	0
13.8117886	1.54639268	-9.08237171	315.7	0
-3.39840603	3.71619058	-9.33146095	252.2	0
-13.4093599	6.86946249	-9.32728767	334.8	0
4.85746002	8.2709198	-9.25134468	182.7	0
-12.253356	10.9148121	-9.25726318	334.9	0
-3.41748095	11.5440226	-9.09701824	276.0	0
-4.19228601	12.0321245	-9.23844624	218.4	0
10.2626629	14.3822918	-9.15581989	299.0	0
4.8610177	16.4592915	-9.28685665	167.6	0
14.1795282	17.8627129	-9.17730713	302.7	0
-11.1048994	18.103405	-9.18382359	218.8	0
-16.3667889	18.878849	-9.34735775	209.4	0
-4.67866278	-14.7241135	-8.89133453	316.0	0
9.41108418	-17.6882095	-8.46718407	245.2	0
-10.7137852	-15.2149515	-8.44021225	360.7	0
6.37054539	-14.3852654	-8.48333931	216.4	0
4.49372339	-3.53818154	-8.67651367	485.5	0
-4.52552223	1.74167252	-8.63897324	333.7	0
-10.5225706	4.48392344	-8.79539585	364.0	0
10.3376265	8.84717941	-8.76222134	380.2	0
-6.30650949	12.5836191	-8.54707146	153.5	0
-3.71799111	12.641428	-8.71498108	274.5	0
16.5419998	13.4554386	-8.74366665	257.5	0
-4.71629667	14.3617992	-8.59274769	528.4	0
-16.6188431	14.594224	-8.62882614	326.5	0
12.9096508	17.1569862	-8.72287846	346.8	0
11.8336506	18.1824837	-8.45420742	336.4	0
1.53814304	18.2512894	-8.72036934	358.5	0
-3.38392258	18.6529732	-8.65590572	406.1	0
15.2996473	-18.1805515	-8.10606956	177.2	0
-17.7287655	-15.9067068	-8.09506035	394.3	0
9.55730152	-15.3111763	-8.2479887	378.0	0
14.5196476	-8.3282032	-8.39253712	388.0	0
-11.3905745	-7.20614147	-8.00252056	288.2	0
-7.39289761	-3.55057764	-8.3905344	394.0	0
16.4701405	0.526549041	-8.19607449	417.8	0
-14.1193476	2.56562614	-8.38446426	344.5	0
-17.387434	2.89039469	-8.26009464	346.2	0
13.8266563	5.30518293	-8.21142864	240.3	0
-9.60765743	8.47328186	-8.11124229	194.9	0
-15.7739658	9.19764709	-8.17395782	431.4	0
-0.640006304	14.2851582	-8.28634834	338.1	0
-18.9895954	15.1035852	-8.22195625	356.8	0
-13.2094364	15.1014366	-8.3578701	264.0	0
-4.87162161	17.3787994	-8.04201317	262.0	0
5.02164125	-16.0861301	-7.90961361	271.7	0
2.95913815	-10.9834929	-7.96134377	311.4	0
4.55863905	-5.99038649	-7.95258522	314.1	0
-9.35099697	1.58982992	-7.94734478	256.3	0
19.2848396	8.9300108	-7.72448635	350.4	0
3.24143863	11.3945055	-7.85529137	273.5	0
-14.7775841	12.295433	-7.86916065	274.5	0
-10.025938	17.4680882	-7.85470104	228.1	0
3.58058643	-11.3530941	-7.62898636	308.0	0
-3.2609477	-9.55898762	-7.64542723	327.9	0
14.5842733	-2.61886811	-7.59531546	350.4	0
-9.69044018	14.3489208	-7.56535816	152.4	0
16.8041	19.1444054	-7.53704739	348.8	0
-9.66446877	-16.5133801	-7.35048246	292.6	0
-1.01734698	-10.0012741	-7.28543854	185.3	0
0.199724048	-0.759690225	-7.33590555	395.3	0
13.474	-17.4923668	-7.19818735	232.1	0
16.942028	3.09700108	-7.27697754	237.1	0
12.0777559	-13.3168583	-6.84567881	214.4	0
-16.7155952	-11.8464603	-7.02111101	356.4	0
10.4326124	-5.26018476	-6.97323036	309.0	0
15.1105375	-2.96553612	-7.01092005	286.8	0
-3.47800469	0.44709748	-7.07221794	268.6	0
-0.525574028	4.08518362	-7.09511375	257.4	0
-0.313096374	8.26673794	-6.83931065	221.5	0
1.14205408	9.35448074	-6.87197971	375.8	0
-19.4218559	-17.2434025	-6.68845034	434.9	0
12.0919895	-16.5091896	-6.67850733	346.7	0
5.58893824	-16.3534851	-6.59304857	401.9	0
16.2175598	-7.9326539	-6.55636215	388.7	0
-10.9176712	-7.17866659	-6.54671526	371.5	0
7.98193741	-6.27844572	-6.55070114	595.3	0
-10.7300339	-4.97710228	-6.40423632	407.7	0
-3.37379003	-1.1477257	-6.42002439	531.5	0
2.36512566	0.410569996	-6.75254583	400.4	0
-18.2989941	0.777879775	-6.45064116	383.5	0
-13.1397476	1.16093636	-6.60270166	528.4	0
5.89011812	3.86129093	-6.70225191	400.1	0
-2.8420527	7.1166091	-6.75007105	251.4	0
7.72313213	13.6736488	-6.74600077	261.1	0
14.3972645	13.7869921	-6.44267225	566.8	0
2.14109898	-17.9145603	-6.38195372	389.0	0
-3.23655295	-15.8914909	-6.16238117	403.5	0
-17.7470474	-15.3090391	-6.24999619	485.1	0
14.1303701	-15.2799063	-6.33020067	521.5	0
-8.69052315	-8.3790884	-6.19527388	521.5	0
-11.5841227	-7.8221612	-6.20285511	505.8	0
11.0001392	-5.0054636	-6.28933954	646.0	0
-4.24495745	-2.0754528	-6.0066123	397.8	0
5.39287853	-1.71838558	-6.06291723	500.3	0
4.62762642	5.09793568	-6.00043488	299.7	0
13.6175499	15.2456589	-6.33715296	500.6	0
7.25513935	16.615591	-6.2965703	401.4	0
3.58440995	-15.0688934	-5.91442204	257.7	0
1.41257095	-9.67109966	-5.92888689	248.4	0
8.8712225	-7.24921131	-5.76780701	305.4	0
-6.40254736	-2.81198525	-5.87875462	330.1	0
-13.2444134	3.65231848	-5.72498369	305.9	0
-5.03607321	5.01463556	-5.73635817	267.7	0
18.6122456	7.58354902	-5.70544052	314.5	0
17.251852	7.68453741	-5.85928774	262.6	0
-5.51393557	15.3530302	-5.71717501	248.9	0
-12.7297478	-16.4939384	-5.55021429	351.3	0
-14.399004	-10.5148191	-5.53467846	154.9	0
-4.14234257	-2.26511478	-5.54389429	434.6	0
-3.04637408	1.63695168	-5.55140066	377.3	0
-8.16777992	7.6244812	-5.60290861	317.9	0
-9.03514767	13.0910053	-5.61529636	198.7	0
12.3541994	17.0856953	-5.58398867	293.3	0
-5.2747817	-18.1789227	-5.34802628	267.9	0
-17.8826408	-15.9700689	-5.3585372	283.4	0
-2.12273359	-12.6462564	-5.38260508	373.7	0
11.7453575	-11.2705345	-5.39524126	240.8	0
11.8896446	-9.95274734	-5.41908455	292.2	0
8.329072	-1.74355304	-5.40618896	316.9	0
-1.25585234	2.68281698	-5.35518265	295.9	0
-3.85456061	9.27610493	-5.34363317	256.0	0
-6.60258245	17.954052	-5.35997677	276.7	0
13.2713203	-13.8956804	-5.11489058	231.8	0
0.119687527	-10.6460924	-5.1688509	202.5	0
14.8651314	-9.28061962	-5.12517357	328.1	0
-12.0566244	1.61278665	-5.25299406	312.4	0
2.0773201	6.16976738	-5.2799015	248.2	0
4.58516312	7.62958002	-5.21952868	264.6	0
9.03206825	15.3365459	-5.26487303	363.9	0
9.06872082	16.2886066	-5.14858675	236.3	0
-12.0081987	18.5043774	-5.17889309	185.0	0
1.35238326	18.8110542	-5.20059443	173.7	0
-15.8841686	-2.84190679	-5.05204153	267.2	0
3.42967701	-0.0663689226	-4.94567537	336.7	0
1.302742	2.19909525	-4.95946503	365.8	0
18.4172611	4.11065722	-5.10150337	264.0	0
10.7314186	4.97160053	-4.98082352	318.5	0
-18.1958675	6.17901468	-4.96595669	365.7	0
10.332098	11.4997902	-5.05713654	218.1	0
-4.75093985	18.2614727	-4.97653723	237.2	0
-13.9527626	18.6352234	-5.00028896	248.2	0
7.18430948	-6.63964224	-4.81099987	402.2	0
-6.73394585	-6.41377926	-4.79708242	448.5	0
-19.4019756	-6.21155643	-4.6865468	273.1	0
17.5077915	-3.98796844	-4.64943981	393.6	0
15.3455086	1.63327909	-4.91991186	285.4	0
19.2095795	2.95068049	-4.75135946	357.2	0
-19.3418045	5.55217123	-4.84226656	322.4	0
-6.03292274	13.1686354	-4.81125546	196.4	0
2.56415939	15.5248632	-4.79269838	313.5	0
0.265628815	-17.9400101	-4.38441992	421.0	0
14.3976212	-14.4856634	-4.2565732	419.4	0
15.5316057	-10.7115879	-4.26795435	418.0	0
8.75636959	-10.1160526	-4.55781078	339.3	0
13.6542645	-7.0707202	-4.35291576	536.5	0
-2.48655987	-6.17911434	-4.48501635	443.4	0
11.79809	-4.79215002	-4.44181824	359.7	0
-18.0368099	-4.41502905	-4.26122046	528.3	0
18.1952114	-2.02176809	-4.28167105	406.8	0
-13.1989851	2.03155732	-4.51502991	450.5	0
17.2347164	3.78301549	-4.27660275	452.9	0
-6.11474895	4.00498199	-4.40156555	261.7	0
-17.205101	4.48215532	-4.26836014	472.0	0
15.8084555	5.87343502	-4.43844891	382.0	0
11.345314	5.93056965	-4.29058456	621.1	0
-2.19715595	7.2871089	-4.30897951	333.7	0
-5.9956069	8.20767021	-4.58693314	335.7	0
8.04685307	8.51840591	-4.52468014	447.1	0
-15.9838219	11.5619669	-4.43218517	281.8	0
11.7461205	12.6325808	-4.3631773	428.4	0
-14.9002695	13.4650517	-4.57536602	206.7	0
-4.60363483	15.0706367	-4.24843502	410.3	0
2.64026022	16.3094368	-4.37887096	371.3	0
4.49310637	17.4677219	-4.46485281	381.0	0
-17.4667416	17.8764305	-4.51846743	301.9	0
15.7936907	18.0883141	-4.55205297	365.8	0
1.05938339	19.2105732	-4.43386078	365.0	0
15.0646772	-18.4017391	-4.12213945	470.2	0
16.5947227	-15.9361277	-4.14945745	432.7	0
17.0202694	-15.8563547	-4.02356577	365.9	0
-4.12250328	-14.3329639	-3.79013586	347.4	0
14.0245419	-13.5296459	-4.07514715	318.7	0
-4.29049444	-13.1005259	-4.18193293	411.7	0
15.3235893	-8.78517151	-4.05349112	378.1	0
-18.6105232	-7.78907156	-3.86909246	470.9	0
10.5981455	-6.04142141	-4.1173315	532.6	0
1.88085115	-4.46993542	-3.81833267	306.2	0
-1.98940241	-1.70508993	-4.08048487	553.8	0
2.94549823	3.22492504	-4.19172335	441.2	0
18.5839233	7.15539742	-4.06630611	119.1	0
-4.97443914	8.37382221	-3.93887329	341.7	0
7.7739768	8.7632246	-3.97562265	543.1	0
2.00039387	9.15575504	-4.10797739	389.6	0
-3.25217056	12.5089464	-4.1640954	386.8	0
-15.9164133	12.5454788	-4.07877111	264.0	0
-11.8300457	15.5423365	-4.10295248	389.7	0
5.19204998	18.3443279	-4.12714243	353.5	0
18.3364983	-14.917347	-3.54394054	276.6	0
19.2838097	-2.66116071	-3.73125362	284.7	0
-1.6557765	0.538557351	-3.52103567	261.4	0
-1.70125222	2.835186	-3.60791016	302.4	0
-13.6854324	5.9429059	-3.48419857	343.4	0
13.4661598	8.18281364	-3.74357843	285.7	0
-0.571540236	12.1719542	-3.50067663	297.0	0
1.24625564	13.0330715	-3.70453787	263.1	0
2.05919385	13.0811195	-3.50795031	293.6	0
-10.6370296	-18.6960011	-3.43904781	271.0	0
5.77033377	-11.724535	-3.36561108	267.4	0
-8.70582962	-6.9707036	-3.37482452	331.5	0
-17.52001	-4.17380476	-3.44438839	240.8	0
12.2797947	-0.805283189	-3.46107864	316.3	0
-15.8991795	3.67613411	-3.32806587	271.0	0
-19.3095837	4.40284634	-3.31261539	291.5	0
1.09131229	14.2906036	-3.4483614	267.4	0
3.73819995	-16.9722443	-3.23733997	286.8	0
-15.6862278	-14.1294088	-3.12432575	303.2	0
1.48056328	-5.90500116	-3.15832233	357.5	0
11.5506163	-5.46085978	-3.12487316	348.9	0
-0.658218563	-3.2782197	-3.26492023	301.1	0
8.3163023	-12.693799	-3.02426624	332.8	0
-5.02859163	-11.4225292	-2.98121357	401.9	0
0.382726371	-7.07143211	-3.09806919	342.5	0
-9.55149651	-3.64084721	-2.9697094	306.9	0
-12.8829832	4.20649672	-2.93476582	313.5	0
7.74226809	4.64224529	-3.06898022	285.1	0
-0.872848392	10.531002	-2.9286232	295.6	0
12.0985861	13.7476778	-3.0624218	424.8	0
-5.63676214	16.4612255	-3.05180836	261.8	0
-2.55223727	18.3313789	-2.96451473	327.6	0
-7.5637517	19.0673256	-3.07458496	228.9	0
-14.4239683	-10.5688314	-2.73197365	167.1	0
-9.945261	-5.80941296	-2.79788685	303.8	0
8.80146503	1.4685142	-2.7412138	302.9	0
-12.0429583	5.84069014	-2.89937115	212.1	0
18.568943	7.15065527	-2.82200336	193.0	0
-16.2470722	8.07710743	-2.85936069	183.6	0
-7.53838825	12.110219	-2.80315399	281.0	0
-7.43980169	17.0620251	-2.72708607	278.2	0
7.39577484	-16.7214146	-2.60231876	357.3	0
-16.1267891	-13.3027306	-2.51642227	267.0	0
15.9335489	-8.24183464	-2.60249424	230.0	0
19.4104862	-7.94363832	-2.49059963	218.6	0
12.0221262	0.0763304234	-2.59345722	283.6	0
11.9670486	2.10321021	-2.62808704	303.5	0
-8.11564541	6.05668736	-2.56435394	253.2	0
7.13545513	10.0331278	-2.67641258	214.8	0
-7.11559582	18.5056572	-2.54190159	217.1	0
4.07444572	-18.993187	-2.348773	197.3	0
-0.198018149	-6.22151804	-2.34527206	300.1	0
-13.6687775	-3.82301688	-2.31937122	359.6	0
-13.7521734	4.09782362	-2.41271877	353.2	0
-11.1639853	5.80749083	-2.42386341	365.5	0
-10.5897665	7.99231386	-2.46631908	286.4	0
3.23241854	10.6523323	-2.47125912	351.4	0
-14.7818165	11.241581	-2.32459354	284.9	0
-2.75770831	-17.6466007	-2.16132069	334.5	0
15.3117752	-16.0125141	-2.18161201	303.1	0
-10.898016	-2.05294204	-2.28723145	302.4	0
17.9351711	0.423816502	-2.2042551	245.1	0
-17.3436127	6.5765729	-2.1529398	379.0	0
-4.69541168	17.186451	-2.28068638	304.0	0
-12.5376406	19.4284763	-2.12062931	238.3	0
13.0192957	-15.7871923	-2.01724815	272.9	0
-3.16346812	-13.3687916	-1.97018623	289.9	0
-5.15685511	1.94216335	-1.97153854	275.0	0
-3.98403621	12.5111313	-1.99835682	257.2	0
-16.3526516	-11.8547878	-1.83812523	433.5	0
-0.260969251	-5.47377729	-1.76288891	302.8	0
-13.9679165	-1.16823852	-1.82050896	436.1	0
-17.0154552	7.62921143	-1.74726963	263.5	0
8.31215191	12.7467041	-1.7817173	244.2	0
-13.1460609	16.5312252	-1.64125824	255.8	0
6.86568499	-16.4244308	-1.4910965	237.8	0
-12.9964991	-16.286375	-1.41379166	303.3	0
-3.87462115	-13.5124006	-1.52078342	409.5	0
0.0987058133	-12.3353891	-1.24601078	265.1	0
17.1925564	3.04895806	-1.50310516	313.1	0
0.734550178	-17.1208439	-1.1490593	282.5	0
2.65495539	-12.950655	-1.15324879	344.9	0
13.3940449	-8.48531818	-1.00454712	238.6	0
-13.2352591	-8.04319859	-0.958235741	464.0	0
-3.70431638	-7.49071121	-1.11162186	189.4	0
9.96483231	3.06879258	-0.945771217	390.3	0
-15.2818012	3.70702481	-1.16135502	317.1	0
18.8414593	5.35718107	-0.992066383	408.7	0
10.8401423	10.6088037	-1.11706161	326.1	0
-17.8855896	17.7383976	-0.881977081	190.1	0
-8.34269714	-19.3267918	-0.608971596	362.7	0
-14.4767523	-14.6806583	-0.566764832	404.9	0
14.4643936	-10.4461231	-0.694519997	360.5	0
-16.7702389	0.41347459	-0.612706184	342.0	0
-1.33427143	4.08096075	-0.775314331	228.8	0
12.8845549	18.7811737	-0.642838478	310.8	0
-2.05446625	-19.3895988	-0.36341095	340.8	0
16.997633	-16.5185051	-0.299717903	299.4	0
-11.6794968	-13.7203798	-0.427080154	181.6	0
-5.34096289	-12.538084	-0.29074192	327.0	0
13.8365335	-3.09403181	-0.35616684	236.0	0
3.13182259	-1.08890903	-0.412289619	301.4	0
16.2053699	6.26116657	-0.338922501	456.5	0
6.18283367	6.64613724	-0.304044724	446.7	0
10.125577	11.3639021	-0.470993996	399.4	0
-0.387629956	12.586669	-0.281764984	332.2	0
-3.50859976	14.3244562	-0.411863327	335.5	0
9.09575462	19.4862671	-0.385052681	207.9	0
17.3491173	-17.3759251	0.159669876	351.8	0
-15.1200733	-15.5436354	0.0439767838	443.7	0
-7.09029531	-8.17022896	0.0101690292	403.8	0
-5.50804138	-7.2379961	-0.045422554	423.9	0
0.0765947998	-6.16154909	0.0390033722	454.0	0
-14.9806843	-2.8274734	0.183012962	341.9	0
17.0716209	0.348148823	0.172670364	265.5	0
11.6276264	1.8220799	-0.166254044	407.4	0
-10.3443766	3.06498599	0.154707909	405.5	0
5.06646585	5.03609228	-0.159777641	347.7	0
-9.41609383	5.38632488	0.166380882	327.4	0
-2.24157548	8.9572525	-0.0253353119	422.7	0
10.3802671	9.59357548	-0.113127708	462.0	0
-5.00145864	16.448946	0.0338954926	345.5	0
6.68687296	17.61199	0.0570259094	444.1	0
0.191546217	-15.9404116	0.262757301	249.9	0
1.66261208	3.93636775	0.470828056	259.0	0
-16.0474415	7.0153718	0.327393532	205.8	0
6.65777445	8.08373642	0.377604485	254.2	0
-3.55747414	8.55350494	0.340647697	251.8	0
-14.7104063	9.12441063	0.275201797	310.0	0
-6.8631916	11.7170105	0.309508324	236.8	0
-13.1407919	14.7472229	0.47809124	381.7	0
15.2644262	15.7082634	0.338263512	330.6	0
0.472409785	2.4460547	0.550555229	329.5	0
13.7692518	5.46002865	0.638354301	274.3	0
-18.94067	15.5061054	0.677079201	292.0	0
11.8554783	15.5238342	0.555243492	209.4	0
3.61589861	16.9855938	0.604579926	254.2	0
-2.04814982	-16.2057896	0.840753555	346.8	0
5.73549557	-11.8666782	0.846123695	350.9	0
8.62197399	-9.23608875	0.75815773	428.2	0
-17.1997337	-4.33244228	0.687078476	342.7	0
-18.9757881	-3.57773924	0.817234039	226.9	0
-3.61094236	-2.7168107	0.680256844	382.0	0
6.0980978	3.2707932	0.783750534	388.6	0
17.3936272	-18.9301147	0.973579407	209.4	0
-14.1588831	-14.9512854	1.06040859	361.8	0
0.946846068	-12.6082001	0.961299896	376.5	0
1.75187922	6.53340578	0.915704727	322.2	0
-0.815297306	12.8833685	1.02034283	351.1	0
4.88460875	12.9224777	0.946780205	323.7	0
11.1516438	14.1851368	1.02011013	258.6	0
16.5496578	-15.6874647	1.21382809	260.0	0
-14.100894	-15.5748549	1.16696453	362.0	0
13.7270918	-15.2086515	1.21607494	299.3	0
-10.1325731	-9.11771679	1.28359604	258.4	0
17.7255306	0.511528432	1.23538876	327.3	0
1.36397529	0.814457536	1.17791462	359.5	0
-16.1961651	7.99287367	1.274436	329.0	0
-11.0694828	8.79653358	1.19448185	392.6	0
1.79061508	9.06651974	1.22730923	351.5	0
-10.0622578	10.8216066	1.22371006	241.6	0
11.0693302	12.4863605	1.30415344	333.8	0
-18.6786308	14.432766	1.28681183	292.0	0
-3.99198079	-7.12538862	1.37283325	340.8	0
-3.50766063	-5.1769352	1.46412659	252.8	0
-4.78764677	7.63203955	1.43932056	293.2	0
-18.5847244	-4.03150845	1.65664864	328.1	0
-0.138436958	2.71677971	1.48337555	347.2	0
-1.12753475	17.6684437	1.48503017	325.0	0
-10.4311037	18.3714447	1.71341419	194.2	0
-7.8383255	-7.23183775	1.75120068	262.1	0
-8.61416912	2.80316615	1.80216503	385.2	0
-5.13159704	-16.6642246	2.14186096	288.1	0
-7.85857105	-16.4672165	1.90381336	303.7	0
14.9029293	-15.9664297	2.10070801	237.0	0
-5.06859541	-11.957798	2.17116547	274.4	0
0.494780391	-11.8665466	2.15297699	400.8	0
-2.95182657	-9.12004471	2.04209042	508.1	0
15.3411293	4.52222395	1.95409393	399.5	0
17.2163219	8.4755764	2.00490856	471.5	0
-10.0023289	13.5072737	2.08415699	289.3	0
0.825523198	16.9948616	1.91971016	288.0	0
15.4492407	-14.6139812	2.46268654	425.1	0
-12.8306456	-13.2371683	2.52271938	406.1	0
0.882925928	-10.6342678	2.46610165	296.5	0
-11.4554272	-0.422568768	2.27157784	482.5	0
16.6965923	-0.0914443359	2.35051632	411.2	0
15.581871	4.60216951	2.55394936	342.5	0
-14.609725	6.93486166	2.40500927	413.2	0
-12.0600891	16.58955	2.25494099	363.8	0
14.1877375	-0.6664024	2.73045063	241.8	0
-6.2538681	3.70078492	2.91461372	314.9	0
-16.4729061	4.64194155	2.87752533	258.4	0
-11.5025759	7.54788303	2.80568981	321.4	0
5.51603174	10.5787487	2.8362875	291.7	0
-16.6653709	13.7707949	2.85444355	330.6	0
6.67126894	16.9445572	2.69102478	367.4	0
-0.357806474	-18.7753296	3.01135254	273.3	0
-17.4933815	-12.3610735	3.01930904	398.7	0
3.86373854	10.8612022	3.04334927	270.3	0
11.9445896	12.1979876	2.95735168	337.7	0
16.8349724	13.81812	2.93784332	295.0	0
17.067894	15.6574955	2.97367573	249.2	0
5.96986294	-14.5788136	3.22040081	366.6	0
15.1348438	-13.2256603	3.18618298	372.5	0
10.3091335	-13.1699114	3.22595692	310.9	0
-16.7335949	-16.692831	3.3584795	352.3	0
13.9765205	-13.4367161	3.45384979	237.1	0
-19.5068378	-6.80378294	3.35259724	133.7	0
-10.2707195	6.47829056	3.37355518	342.9	0
-2.84405875	13.6704807	3.3915205	375.4	0
13.6749983	-11.4525242	3.61066341	259.8	0
19.1185207	-10.6076479	3.68015766	232.5	0
12.6488123	-4.57078743	3.68078899	338.7	0
14.0157204	5.52331448	3.54152107	334.0	0
-16.9261341	8.03991222	3.62347603	336.0	0
-16.154541	14.2272911	3.61236858	272.7	0
-8.84524918	-17.7911682	3.7671051	407.9	0
-12.0820875	-15.910903	3.90365505	351.7	0
0.600398362	-11.5897655	3.8726263	333.5	0
0.103294775	-9.69826698	3.70971394	332.3	0
-1.35731196	-3.58366823	3.76416206	332.4	0
0.410101056	0.656351209	3.76610088	390.2	0
-18.8342037	5.05002451	3.84754467	288.2	0
-1.55438864	12.789876	3.76988888	328.3	0
-19.1434822	19.0522575	3.91427135	163.1	0
15.0322599	11.9018106	3.9637022	323.8	0
-2.56720042	-16.7779789	4.1840744	291.9	0
-3.91575313	-12.9572344	4.33449268	318.1	0
-6.41098022	-11.7135115	4.11109447	386.1	0
17.1345463	-10.8398914	4.32893085	301.8	0
-9.13766193	-10.1788387	4.30693054	292.2	0
-9.56977558	-9.89814186	4.29001904	311.6	0
-16.0873718	-1.25997591	4.31248665	309.5	0
18.0675907	2.50727606	4.28464222	255.4	0
10.2220221	4.71042871	4.11561012	465.2	0
-11.3466778	9.52646351	4.15832806	246.0	0
14.4061985	12.0956888	4.26486492	294.8	0
6.11295605	16.8073254	4.3330965	373.6	0
-2.5819602	-18.488739	4.76105309	372.7	0
-16.7580528	-11.8212786	4.69419098	273.4	0
-9.72442913	-9.42213345	4.52043533	355.3	0
11.5025921	1.04606628	4.52608871	319.2	0
-10.9645071	12.8952208	4.72275543	295.4	0
9.05011368	16.0972881	4.4814682	293.2	0
9.58331585	16.6791534	4.4462204	285.4	0
2.27435136	18.6060638	4.66743279	251.9	0
-18.0787354	-19.3117619	4.85333443	374.4	0
-1.40838993	-18.469286	4.9587307	315.2	0
14.0964365	-16.4756203	4.96369171	318.1	0
13.1790619	-8.2651062	4.93839264	322.6	0
-2.38975501	-8.23734856	5.06738281	285.7	0
0.424988866	-6.75353861	4.93388939	272.1	0
7.31080961	-5.72998905	4.88766289	273.8	0
4.02342176	-5.64664459	5.03935814	315.6	0
-19.1654339	6.19533014	4.9256115	300.6	0
-14.9467735	8.5795393	4.98974609	326.1	0
-3.6424346	-8.91432667	5.13456535	304.8	0
10.6449413	0.908519328	5.22406006	310.5	0
4.94991159	4.63790274	5.13803291	364.1	0
5.11283684	5.87350178	5.18593025	374.7	0
-18.3078899	10.8049145	5.26827812	286.6	0
-7.75732946	16.8597183	5.24744415	221.5	0
2.50671601	18.5209217	5.10619926	292.0	0
16.520174	-18.4620819	5.3990612	217.6	0
11.067337	-15.6324492	5.41587067	280.7	0
1.53008723	-14.0240774	5.40924072	301.1	0
-1.0683794	-13.8432846	5.50498772	350.2	0
7.34066916	-3.21346807	5.35777855	285.3	0
-12.8027458	-2.8254745	5.36773491	300.1	0
-0.353792936	1.50245059	5.48410225	256.7	0
18.8080044	5.71640253	5.31470108	330.1	0
-5.97029018	14.4064379	5.37383461	315.5	0
-3.62588644	16.0555973	5.4038868	322.8	0
11.1182289	16.5622158	5.50961304	314.5	0
17.4782887	19.2615147	5.49803734	331.0	0
10.0273838	-19.1878452	5.55091858	303.3	0
-1.12161434	-18.1007805	5.56561279	367.1	0
-16.8412857	-17.103611	5.52593231	362.0	0
-6.71215057	-15.2015686	5.63849449	405.6	0
-18.2789402	-11.3397274	5.52951431	389.6	0
-10.0973673	-14.6085892	5.87240791	343.7	0
-11.0929613	-8.72584343	5.71026611	314.1	0
-17.4870968	12.7570181	5.77179527	257.0	0
-14.1737499	-5.54325914	5.93661308	303.9	0
-12.6449165	0.886270761	6.05490494	325.5	0
7.11606359	10.9128389	5.99974632	317.9	0
9.7855587	12.7887087	5.95034599	369.8	0
-7.55105209	-15.9413977	6.08732986	347.1	0
-3.54381371	-14.2824411	6.08097649	369.3	0
-14.3650455	-9.05556488	6.29139328	295.1	0
11.6402874	-0.687754989	6.11767006	300.7	0
-7.79928684	0.611411393	6.14512634	357.5	0
-13.6323919	4.79494905	6.16697884	284.5	0
-2.89251804	6.94956875	6.19404602	163.0	0
14.5337706	11.0279427	6.30596542	414.6	0
-9.46734905	13.2433767	6.07053185	232.9	0
6.19003534	0.406022906	6.38582039	294.3	0
19.1413097	1.55512559	6.47257233	386.5	0
12.4305916	6.00915146	6.38442039	365.6	0
2.65623546	6.64103842	6.37424278	404.8	0
10.2900286	15.1710224	6.49799728	259.8	0
-7.36345005	17.2337017	6.35681343	325.2	0
-13.5964832	-18.59795	6.65080643	394.2	0
-10.4535046	1.82145774	6.60535431	319.7	0
-1.00228691	1.85895908	6.63784409	297.1	0
-15.8026218	1.86907244	6.54608154	350.8	0
11.3029842	18.6677628	6.64056969	423.4	0
-4.96611643	-19.3988571	6.75263214	379.6	0
-3.46377015	-16.618784	6.85998917	342.1	0
-5.81414795	-16.1399612	6.8666935	398.8	0
-7.71781826	-9.54636097	6.77899742	339.4	0
5.32027817	-5.77927351	6.93225288	415.0	0
-13.4118309	-5.58483505	6.72045898	330.4	0
12.4463682	-1.8077687	6.72831917	299.1	0
18.5143471	0.77930814	6.80282211	362.7	0
2.81951451	0.954217613	6.8016777	376.4	0
3.03185821	2.01120114	6.89871025	325.0	0
16.6491203	8.8689909	6.91159058	468.6	0
-7.75753975	11.8946638	6.90905571	330.3	0
-18.6500778	12.762888	6.79932213	179.8	0
-1.92320096	15.0437536	6.76303101	395.8	0
-14.3261757	-18.2195015	7.28312492	528.0	0
-7.3688488	-18.1130981	7.0965023	419.2	0
-10.1252899	-12.0854263	7.09716797	574.8	0
-18.634798	-8.21961594	7.3379879	544.6	0
-1.91253603	-3.57745099	7.08634758	455.8	0
-11.0399551	1.25325632	7.04567528	343.6	0
-15.5207348	2.61014485	7.17968941	362.6	0
3.60786915	4.8538785	7.35306168	563.0	0
15.6440639	6.29918957	7.25611687	571.2	0
-0.0574314445	8.9141531	7.15217018	456.0	0
-19.0871792	13.7242641	7.13168144	365.7	0
18.7872028	15.7268734	7.1518383	538.7	0
-17.6151924	16.2596474	7.31035042	377.0	0
-16.4961987	17.4967213	7.16616821	191.2	0
-9.46343422	18.397007	7.07522392	398.4	0
-0.273719311	18.6561737	7.20194817	424.8	0
5.82564783	19.3652687	7.31727982	473.5	0
-10.1904459	-16.7502441	7.45010757	516.3	0
-6.58180428	-14.5488825	7.6281414	586.7	0
2.04135013	-12.9845171	7.501791	537.4	0
5.84289598	-10.4542398	7.73561668	445.0	0
-12.1377335	-9.2950201	7.50430489	515.9	0
1.72156525	-1.8299706	7.76844406	365.0	0
1.61545682	-1.76457906	7.70576859	348.5	0
-0.398474336	0.116902567	7.47322655	503.1	0
-4.1437192	12.6022072	7.64961433	180.2	0
-16.8193474	14.5562544	7.72727013	255.3	0
-14.9285679	-17.6776161	7.82878685	328.0	0
-18.3029404	-16.6922932	7.86036491	401.8	0
14.3170652	-9.93395424	7.92645073	415.0	0
9.31458187	-5.58100414	8.1467514	394.1	0
9.18903351	-3.89284182	7.85212708	283.6	0
6.97862434	11.4866381	8.054039	406.5	0
8.45363903	11.8933916	8.07625008	410.6	0
-9.58105469	12.6021204	8.04351044	277.9	0
-12.8074541	12.8726635	8.08167076	126.2	0
-6.4184556	14.6905155	7.90991783	277.2	0
0.194840804	16.9321098	8.10871696	378.7	0
11.4996662	17.0460262	7.98607635	471.7	0
-8.23735142	18.029192	8.0765152	313.7	0
-2.67245245	15.9623175	8.22290039	343.6	0
-17.2880192	16.2447777	8.23100853	216.4	0
-17.8096066	-18.6603394	8.40294266	128.7	0
18.7533455	-17.2910957	8.40006065	159.2	0
4.34942722	-12.6291304	8.44080734	168.5	0
-5.71315241	-7.62544346	8.35840416	351.7	0
6.1265192	-2.71609306	8.38954735	431.5	0
-11.2561378	0.556018412	8.34066582	348.5	0
-3.81533432	2.7011466	8.39803696	367.8	0
12.2405682	6.09992123	8.4366684	338.6	0
16.5339489	10.4972143	8.33241844	451.5	0
-13.4152002	-3.89404655	8.59509468	110.2	0
14.6681261	-2.20440078	8.57718658	409.2	0
-6.38121986	-1.94204128	8.59918976	236.5	0
-11.5434475	5.19889069	8.56238747	334.0	0
9.91733456	4.7149272	8.78426552	419.5	0
4.15324545	7.9531908	8.89247704	332.9	0
-18.627758	12.7288675	8.86228752	250.8	0
0.573027253	-15.8532686	8.95405388	225.8	0
-9.06856823	-15.4239759	8.95120239	375.0	0
-0.263104647	-11.4522905	9.23956299	341.8	0
14.2243938	-10.4480705	9.17815971	277.8	0
6.85374832	-1.9423213	9.22286797	330.4	0
14.8048401	-0.189264894	9.13618851	327.7	0
18.4428444	3.6372714	9.18349075	308.8	0
1.40218723	8.79412174	9.24211884	428.3	0
2.11739588	10.5714483	9.21637344	355.8	0
7.05054283	-12.2684422	9.28576469	363.7	0
15.4231358	-9.38004494	9.38861656	296.1	0
9.79693985	0.513621926	9.32098007	237.0	0
-7.45143223	11.3415337	9.41702271	244.3	0
18.2997208	17.6295929	9.40323448	458.2	0
18.9371052	19.0468674	9.48085022	381.0	0
10.8027105	-16.2166252	9.62145996	374.7	0
-11.1467676	-6.6045599	9.52467155	304.8	0
12.4463758	-6.24627018	9.51250267	325.5	0
14.37988	-2.24607587	9.64399147	177.4	0
15.275219	-1.59410906	9.62254524	149.8	0
-0.0267837159	17.5176201	9.55961418	214.1	0
6.387918	0.392738104	9.85088158	117.4	0

